None/2019so/04735/photometry.ecsv
# %ECSV 1.0
# ---
# datatype:
# - {name: starid, datatype: int64, description: Unique identifier in REFCAT2 catalog}
# - {name: ra, unit: deg, datatype: float64, description: Right ascension}
# - {name: decl, unit: deg, datatype: float64, description: Declination}
# - {name: pm_ra, unit: mas / yr, datatype: float32, description: Proper motion in right ascension}
# - {name: pm_dec, unit: mas / yr, datatype: float32, description: Proper motion in declination}
# - {name: gaia_mag, datatype: float32, description: Gaia G magnitude}
# - {name: gaia_bp_mag, datatype: float32, description: Gaia Bp magnitude}
# - {name: gaia_rp_mag, datatype: float32, description: Gaia Rp magnitude}
# - {name: gaia_variability, datatype: int32, description: Gaia variability classification}
# - {name: B_mag, datatype: float32, description: Johnson B magnitude}
# - {name: V_mag, datatype: float32, description: Johnson V magnitude}
# - {name: H_mag, datatype: float32, description: 2MASS H magnitude}
# - {name: J_mag, datatype: float32, description: 2MASS J magnitude}
# - {name: K_mag, datatype: float32, description: 2MASS K magnitude}
# - {name: u_mag, datatype: float32, description: u magnitude}
# - {name: g_mag, datatype: float32, description: g magnitude}
# - {name: r_mag, datatype: float32, description: r magnitude}
# - {name: i_mag, datatype: float32, description: i magnitude}
# - {name: z_mag, datatype: float32, description: z magnitude}
# - {name: distance, unit: deg, datatype: float64, description: Distance from object to target}
# - {name: pixel_column, datatype: float64}
# - {name: pixel_row, datatype: float64}
# - {name: used_for_epsf, datatype: bool}
# - {name: flux_aperture, datatype: float64}
# - {name: flux_aperture_error, datatype: float64}
# - {name: flux_psf, datatype: float64}
# - {name: flux_psf_error, datatype: float64}
# - {name: pixel_column_psf_fit, datatype: float64}
# - {name: pixel_row_psf_fit, datatype: float64}
# - {name: pixel_column_psf_fit_error, datatype: float64}
# - {name: pixel_row_psf_fit_error, datatype: float64}
# - {name: mag, datatype: float64}
# - {name: mag_error, datatype: float64}
# delimiter: ','
# meta: !!omap
# - {targetid: 864}
# - {zp: 20.835945386369772}
# - {zp_error: 0.02628852040401842}
# - {zp_diff: 0.003179293222817847}
# - {zp_error_weights: 0.1268633363294301}
# - {fileid: 4735}
# - {target_name: 2019so}
# - {version: test1-v1.0.0.post30+git657a5c4}
# - {template: null}
# - {diffimg: 104955}
# - {photfilter: V}
# - fwhm: !astropy.units.Quantity
#     unit: !astropy.units.Unit {unit: pix}
#     value: 3.509930413468907
# - pixel_scale: !astropy.units.Quantity
#     unit: !astropy.units.Unit {unit: arcsec / pix}
#     value: 0.37061741719317154
# - seeing: !astropy.units.Quantity
#     unit: !astropy.units.Unit {unit: arcsec}
#     value: 1.300841344367607
# - {obstime-bmjd: 58516.303079759375}
# - {used_wcs: "WCS Keywords\n\nNumber of WCS axes: 2\nCTYPE : 'RA---TAN'  'DEC--TAN'  \nCRVAL : 190.6522574878367  -40.74769554779994\
#     \  \nCRPIX : 444.5463811423839  521.0904343637412  \nCD1_1 CD1_2  : -0.0001027254194685047  3.5515395796666635e-06  \nCD2_1 CD2_2\
#     \  : 3.88506006595069e-06  0.00010303931479164907  \nNAXIS : 739  779"}
# schema: astropy-2.0
starid,ra,decl,pm_ra,pm_dec,gaia_mag,gaia_bp_mag,gaia_rp_mag,gaia_variability,B_mag,V_mag,H_mag,J_mag,K_mag,u_mag,g_mag,r_mag,i_mag,z_mag,distance,pixel_column,pixel_row,used_for_epsf,flux_aperture,flux_aperture_error,flux_psf,flux_psf_error,pixel_column_psf_fit,pixel_row_psf_fit,pixel_column_psf_fit_error,pixel_row_psf_fit_error,mag,mag_error
[from data line 41]
59041906340093912,190.63400902,-40.79693641,-15.89,-4.56,17.478,17.886,16.895,2,18.388,17.561,15.785,16.113,15.808,nan,17.811,17.436,17.206,17.243,0.05235859116908009,561.5040903718971,37.700448516672395,True,16.66441964445698,0.37250396504572836,20.601728329971735,0.2993701653288179,561.2460608807014,37.5517821165465,0.026390408881337608,0.026133001232872557,17.55118624652896,0.03065950889190454
59091906372519663,190.63725125,-40.75047745,-2.36,-2.58,17.279,17.616,16.688,2,18.088,17.113,15.802,16.154,15.181,nan,17.601,17.215,17.063,17.011,0.011740591926937017,553.1568840827432,488.9247600509599,True,19.045251366195735,0.39762425396408185,23.659268977812992,0.30871215617086595,553.1814441560837,488.8700460115122,0.02058319130562205,0.02058845456226797,17.40094208211153,0.029862838405583257
59081906767508877,190.67675097,-40.75946576,-4.82,-5.19,18.388,18.781,17.757,2,nan,nan,16.642,16.866,15.953,nan,18.847,18.328,18.128,18.032,0.023047969907419915,259.2760937482703,412.7326476331318,True,6.944556590680567,0.2755072803195294,8.455991767494734,0.13460251719432498,259.28919731830655,412.686202825127,0.021590148478473986,0.021496283092434877,18.51803400766172,0.03146076752743283
59051906682679793,190.66826775,-40.78370206,-3.96,1.72,18.2,18.746,17.406,2,nan,nan,15.742,16.352,15.415,nan,18.891,18.129,17.786,17.615,0.03940948216325636,313.6625398226834,175.54911472736313,True,7.665905190638102,0.2812180319642014,9.22785757100315,0.17962742396504625,313.52937076168195,175.53378155192948,0.023234681181352586,0.023097124068791653,18.423193179604944,0.033730725333659006
59041906005067406,190.60050623,-40.79402455,-12.89,1.35,18.199,18.82,17.384,2,nan,nan,16.087,16.361,15.601,nan,18.989,18.153,17.767,17.572,0.06148812770653367,809.0419413799947,56.58573715483118,True,6.794777589637789,0.27648119743120947,8.573992252522515,0.1555547535883502,808.7578149026359,56.4246906344839,0.023999285709954864,0.023695663968868352,18.502987669506318,0.03284968454785809
59091905958239650,190.59582308,-40.75048838,-11.2,4.81,18.253,18.977,17.429,2,nan,nan,15.521,16.286,15.274,nan,19.174,18.267,17.816,17.6,0.042572766437134514,858.355805102896,477.25874627998707,True,5.6525445071028155,0.2576597048485032,6.8712492932562625,0.10817908097347802,858.2069248192103,477.16015571738455,0.023106964884742294,0.023049585472506087,18.743356123108917,0.03135722032210762
59151906663218319,190.66632192,-40.7015975,-9.46,3.62,18.347,18.942,17.652,2,nan,nan,16.35,16.608,15.683,nan,19.074,18.351,18.031,17.871,0.046076510716314176,355.42551980514145,970.8229485101765,True,6.055694843136811,0.2617698932943616,7.233672374593484,0.11888961841991501,355.361111351402,970.5495002842333,0.023374362248993013,0.02325579687648761,18.687548299043783,0.031772942390679064
59111906920823045,190.69208217,-40.73932619,3.34,-4.55,18.237,19.106,17.313,2,nan,nan,16.024,16.024,15.325,nan,19.413,18.32,17.734,17.44,0.03135012395405306,152.95654535384148,612.1614623398663,True,5.328312387416659,0.2533107301285884,6.3434148728053446,0.12055097123683903,152.99224890083846,611.9770726685119,0.02376433566165954,0.026509752208576813,18.830137596100162,0.03341894218161323
59051906239618860,190.62396133,-40.78447973,-1.25,-5.18,18.256,19.131,17.327,2,nan,nan,16.19,16.19,15.384,nan,19.443,18.342,17.75,17.452,0.043569430167480855,639.5241435537819,155.62573650348293,True,5.745815272268356,0.25779374148396117,6.808892864745978,0.1479425610979902,639.3732857684842,155.61478332425787,0.02887313638042199,0.02872135979220897,18.75325413442211,0.03532149132767892
59121906319260929,190.63192662,-40.73275587,-6.67,0.83,18.589,18.998,17.967,6,nan,nan,16.89,16.846,17.131,nan,19.066,18.542,18.338,18.24,0.02024550173308705,598.3938059375364,659.232750205444,True,5.372416125547135,0.2547279165533867,6.504691861658584,0.114155420023581,598.4558671595433,659.1815684362576,0.02706358277409416,0.027102674333631,18.80287856608233,0.032467746180655926
59081906654821822,190.66548261,-40.76534451,-2.51,-3.92,18.186,19.15,17.184,2,nan,nan,15.082,15.797,15.364,nan,19.535,18.311,17.629,17.28,0.02167312002732756,340.273719259632,352.6552709455425,True,5.1573304607310595,0.2526750366522105,6.332818774406116,0.13743103883909935,340.30757589758593,352.6062698057762,0.029203910839093263,0.029011777520391746,18.831952736253136,0.035302322721197175
59071906188523237,190.61885243,-40.77249931,-7.82,-2.29,18.685,19.251,17.979,2,nan,nan,15.989,16.668,15.898,nan,19.379,18.67,18.357,18.202,0.03613465021040758,681.2551007167508,270.3374309248254,True,4.779850715054401,0.2469813062992358,5.861765826644201,0.1278880865011591,681.1700497413991,270.30102484331474,0.029614947094020964,0.029345774283996217,18.915874224632848,0.03538645671473761
59081906645835449,190.66458379,-40.76232239,-10.95,-0.05,18.357,19.091,17.43,2,nan,nan,15.597,16.25,15.602,nan,19.338,18.346,17.833,17.581,0.018714643844657132,347.9837490010531,381.73275986695376,True,5.052547878836856,0.25325216014513735,6.420211122000841,0.1277734434778904,348.0075374904347,381.71356406833416,0.028909558175521,0.028590561854593213,18.817072112298728,0.034029313856762056
59091906393834772,190.63938363,-40.75455294,-21.69,-3.64,18.089,19.206,16.988,2,nan,nan,14.923,15.813,14.551,nan,19.704,18.288,17.469,17.039,0.012464538352342175,536.2674699520078,450.00100966739126,True,4.826162295907574,0.24919699294696013,5.795676599728854,0.123810733088547,536.2496884495714,449.98300350235667,0.030279444747440546,0.029743320060296008,18.928185027046073,0.03505787962266487
59141906808300353,190.68083086,-40.71656921,-9.82,3.51,18.49,19.267,17.578,2,nan,nan,15.719,16.398,15.432,nan,19.527,18.513,17.984,17.724,0.037032202711458344,243.5215027197974,829.7142823621443,True,4.319417770267649,0.24051524128467458,5.121149292155128,0.0974653023497807,243.49780866555878,829.5071356324752,0.03189225380119438,0.03173485828349149,19.06252679485345,0.03343759114386264
59041906028501644,190.6028507,-40.79882625,-23.68,-1.84,10.941,11.134,10.645,2,11.335,10.976,10.209,10.312,10.115,nan,11.092,10.97,10.993,11.028,0.06424255850955302,790.2547307216707,10.672423361225981,False,7967.162301615876,7.162803510569572,7945.84690418853,468.4011897398066,789.8818389039164,10.22346498633669,0.05678479275028069,0.05622422068881494,11.085594903683749,0.06919179137693568
59111906248608123,190.62486045,-40.73509454,-3.72,-1.97,18.876,19.697,17.984,2,nan,nan,16.302,16.692,16.21,nan,19.968,18.936,18.394,18.126,0.023266596832210454,649.6292610558506,634.5628555567305,True,3.095664470463409,0.22174626703920444,3.662073664059149,0.0921332714942815,649.6457717258751,634.5388619060444,0.04047492448356738,0.04015063487246399,19.42662769622303,0.03791092967975129
59091906790055165,190.67900553,-40.75422612,0.0,0.0,19.794,19.341,17.83,6,nan,nan,15.793,16.488,15.435,nan,19.521,18.643,18.212,18.008,0.022105710551323918,244.36859091701083,464.1909739220266,True,3.8315488284176586,0.23823352783179566,4.244984787566188,0.15730592993268572,244.3826138255595,464.18177401828297,0.050156141119387015,0.050208717529535214,19.26625504078433,0.04806101895163423
