None/2019so/05406/photometry.ecsv
# %ECSV 1.0
# ---
# datatype:
# - {name: starid, datatype: int64, description: Unique identifier in REFCAT2 catalog}
# - {name: ra, unit: deg, datatype: float64, description: Right ascension}
# - {name: decl, unit: deg, datatype: float64, description: Declination}
# - {name: pm_ra, unit: mas / yr, datatype: float32, description: Proper motion in right ascension}
# - {name: pm_dec, unit: mas / yr, datatype: float32, description: Proper motion in declination}
# - {name: gaia_mag, datatype: float32, description: Gaia G magnitude}
# - {name: gaia_bp_mag, datatype: float32, description: Gaia Bp magnitude}
# - {name: gaia_rp_mag, datatype: float32, description: Gaia Rp magnitude}
# - {name: gaia_variability, datatype: int32, description: Gaia variability classification}
# - {name: B_mag, datatype: float32, description: Johnson B magnitude}
# - {name: V_mag, datatype: float32, description: Johnson V magnitude}
# - {name: H_mag, datatype: float32, description: 2MASS H magnitude}
# - {name: J_mag, datatype: float32, description: 2MASS J magnitude}
# - {name: K_mag, datatype: float32, description: 2MASS K magnitude}
# - {name: u_mag, datatype: float32, description: u magnitude}
# - {name: g_mag, datatype: float32, description: g magnitude}
# - {name: r_mag, datatype: float32, description: r magnitude}
# - {name: i_mag, datatype: float32, description: i magnitude}
# - {name: z_mag, datatype: float32, description: z magnitude}
# - {name: distance, unit: deg, datatype: float64, description: Distance from object to target}
# - {name: pixel_column, datatype: float64}
# - {name: pixel_row, datatype: float64}
# - {name: used_for_epsf, datatype: bool}
# - {name: flux_aperture, datatype: float64}
# - {name: flux_aperture_error, datatype: float64}
# - {name: flux_psf, datatype: float64}
# - {name: flux_psf_error, datatype: float64}
# - {name: pixel_column_psf_fit, datatype: float64}
# - {name: pixel_row_psf_fit, datatype: float64}
# - {name: pixel_column_psf_fit_error, datatype: float64}
# - {name: pixel_row_psf_fit_error, datatype: float64}
# - {name: mag, datatype: float64}
# - {name: mag_error, datatype: float64}
# delimiter: ','
# meta: !!omap
# - {targetid: 864}
# - {zp: 21.208995501979675}
# - {zp_error: 0.021204543897789804}
# - {zp_diff: 0.002073816115309768}
# - {zp_error_weights: 0.1168307377114715}
# - {fileid: 5406}
# - {target_name: 2019so}
# - {version: test1-v1.0.0.post30+git657a5c4}
# - {template: null}
# - {diffimg: 104952}
# - {photfilter: B}
# - fwhm: !astropy.units.Quantity
#     unit: !astropy.units.Unit {unit: pix}
#     value: 3.6601948776734545
# - pixel_scale: !astropy.units.Quantity
#     unit: !astropy.units.Unit {unit: arcsec / pix}
#     value: 0.37062758936446105
# - seeing: !astropy.units.Quantity
#     unit: !astropy.units.Unit {unit: arcsec}
#     value: 1.356569204116261
# - {obstime-bmjd: 58516.293608980435}
# - {used_wcs: "WCS Keywords\n\nNumber of WCS axes: 2\nCTYPE : 'RA---TAN'  'DEC--TAN'  \nCRVAL : 190.6485755520084  -40.747694340691496\
#     \  \nCRPIX : 471.45884575581715  521.2707994158128  \nCD1_1 CD1_2  : -0.00010272112981271896  3.5924166617325203e-06  \nCD2_1 CD2_2\
#     \  : 3.880718233506684e-06  0.00010304788738583501  \nNAXIS : 738  780"}
# schema: astropy-2.0
starid,ra,decl,pm_ra,pm_dec,gaia_mag,gaia_bp_mag,gaia_rp_mag,gaia_variability,B_mag,V_mag,H_mag,J_mag,K_mag,u_mag,g_mag,r_mag,i_mag,z_mag,distance,pixel_column,pixel_row,used_for_epsf,flux_aperture,flux_aperture_error,flux_psf,flux_psf_error,pixel_column_psf_fit,pixel_row_psf_fit,pixel_column_psf_fit_error,pixel_row_psf_fit_error,mag,mag_error
[from data line 41]
59111906864879056,190.68648717,-40.73431652,3.23,-3.98,17.818,18.588,16.965,2,nan,nan,15.153,15.645,14.896,nan,18.655,17.749,17.362,17.123,0.028932048104497423,195.6632589026944,660.3421256237618,True,4.042947212752378,0.22039741606925575,4.822450151910786,0.07300308941717984,195.61078617949113,660.2755700807278,0.023568014018270605,0.02289323346537328,19.50082613403174,0.02682865757823902
59151906663218319,190.66632192,-40.7015975,-9.46,3.62,18.347,18.942,17.652,2,nan,nan,16.35,16.608,15.683,nan,19.074,18.351,18.031,17.871,0.046076510716314176,355.37323694303836,971.9609652187169,True,3.7723107272102636,0.21452890626378038,4.3315524587441825,0.0733993029702044,355.1343208396079,971.87322043661,0.02435655526644903,0.023763710444336256,19.61738655588368,0.028073516011626984
59041906815617078,190.68156139,-40.79429813,-13.8,-5.41,17.779,18.606,16.876,2,nan,nan,14.979,15.756,14.942,nan,18.884,17.84,17.288,17.015,0.05301484513079902,212.0058654075932,77.65230691602147,True,4.358903512036049,0.22345881304339993,5.276625717560528,0.12672650449288225,211.8303752919311,77.45545174836049,0.028668958658165013,0.02752383795206924,19.403104777415663,0.033609124929960744
59121906319260929,190.63192662,-40.73275587,-6.67,0.83,18.589,18.998,17.967,6,nan,nan,16.89,16.846,17.131,nan,19.066,18.542,18.338,18.24,0.02024550173308705,598.2421652529573,660.4212714107548,True,3.8956200190685557,0.21636614163547763,4.647118691768027,0.09323212461345849,598.2644659011798,660.447329157577,0.02448594975636164,0.023615906690188433,19.541036089707823,0.030399120411117336
59051906682679793,190.66826775,-40.78370206,-3.96,1.72,18.2,18.746,17.406,2,nan,nan,15.742,16.352,15.415,nan,18.891,18.129,17.786,17.615,0.03940948216325636,313.3281703601971,176.7615497774001,True,3.8497212082056107,0.21860553539746977,4.633054749495869,0.08211401031133234,313.2743764120054,176.74305592188472,0.024764250617705656,0.024057386251257862,19.54432692109004,0.028634386115230722
59041906005067406,190.60050623,-40.79402455,-12.89,1.35,18.199,18.82,17.384,2,nan,nan,16.087,16.361,15.601,nan,18.989,18.153,17.767,17.572,0.06148812770653367,808.6869609961966,57.850621906700894,True,3.935549475639557,0.22768596830721632,5.141702821346537,0.11495123883863642,808.3271337652569,57.66409693358538,0.037012439425502884,0.0358702647788262,19.43122807246648,0.03223091205522555
59101906847192793,190.68471996,-40.74786868,-0.16,-15.78,17.241,18.087,16.196,2,nan,nan,14.32,14.956,14.057,nan,18.416,17.315,16.563,16.306,0.025025262543026703,204.17236535051137,528.3997889412907,True,5.064513047944357,0.23473970102894165,6.0592659831182,0.10119830273677181,204.20383356801926,528.3576660324459,0.02311682721379361,0.022274314563705343,19.252945459216193,0.02790072199777571
59071906188523237,190.61885243,-40.77249931,-7.82,-2.29,18.685,19.251,17.979,2,nan,nan,15.989,16.668,15.898,nan,19.379,18.67,18.357,18.202,0.03613465021040758,680.9699611580144,271.5708574303761,True,2.9649450485128006,0.20467791441045483,3.489691387083603,0.07233714096159431,680.938088525786,271.53524852522105,0.031415349995200126,0.03031454622987197,19.85202794805803,0.03092173140212213
59091905958239650,190.59582308,-40.75048838,-11.2,4.81,18.253,18.977,17.429,2,nan,nan,15.521,16.286,15.274,nan,19.174,18.267,17.816,17.6,0.042572766437134514,858.1512081795263,478.4864893172981,True,2.573355463464013,0.19682202330150858,3.092273854900781,0.0685526481136957,857.9604989321575,478.47462562949113,0.033607922384271786,0.032316713455023176,19.983300630709323,0.03207776415118607
59041906028501644,190.6028507,-40.79882625,-23.68,-1.84,10.941,11.134,10.645,2,11.335,10.976,10.209,10.312,10.115,nan,11.092,10.97,10.993,11.028,0.06424255850955302,789.882760057076,11.940257734790976,True,8679.056121395206,7.457843315521723,8448.517331158988,513.096184480237,789.6572243793979,11.427319502914738,0.05369598413455518,0.05179953831924143,11.392044253686691,0.0692646330642539
59051906239618860,190.62396133,-40.78447973,-1.25,-5.18,18.256,19.131,17.327,2,nan,nan,16.19,16.19,15.384,nan,19.443,18.342,17.75,17.452,0.043569430167480855,639.1967800173506,156.86696011808743,True,2.280496098982339,0.19218348664521312,2.678700204953393,0.05395830139664818,639.121979388118,156.80140716150152,0.04221124675731812,0.04092780971530498,20.139185224696746,0.030462287150936206
59111906920823045,190.69208217,-40.73932619,3.34,-4.55,18.237,19.106,17.313,2,nan,nan,16.024,16.024,15.325,nan,19.413,18.32,17.734,17.44,0.03135012395405306,152.7691319844589,613.3179251995782,True,2.300436704324621,0.1912538195690666,2.6348827511043345,0.05851813922435049,152.77593059186577,613.1874995784008,0.039601687034601374,0.03845356581244149,20.157092265898896,0.03211036554336934
59081906654821822,190.66548261,-40.76534451,-2.51,-3.92,18.186,19.15,17.184,2,nan,nan,15.082,15.797,15.364,nan,19.535,18.311,17.629,17.28,0.02167312002732756,340.00291585310174,353.8525591337932,True,2.11855232726232,0.19051861171022771,2.4549905643344685,0.054416996452018807,339.9806597188624,353.83525671514644,0.04225851834485048,0.04232537420632113,20.233870933811176,0.03207520487145947
